0.00 71.25 51.97 6.71 73.36 62.63 27.89 63.25 73.82 51.20 74.22 59.20 56.01 66.41 53.45 99.86 67.12 23.60 31.62 84.38 55.54 91.29 49.01 63.79 69.86 92.20 10.00 29.97 26.40 13.93 99.02 59.01 93.65 67.96 75.77 59.68 41.01 71.57 53.71 53.81 78.10 10.63 5.39 87.32 31.78 57.25 19.31 86.09 57.00 48.27 20.00 49.65 86.49 85.16 66.27 43.14 82.22 45.10 18.25 77.52 71.40 86.40 20.52 11.18 94.64 34.00 35.85 21.21 77.06 89.11 57.01 76.49 104.35 22.20 103.28 56.73 64.33 76.85 50.93 69.32 4.47 61.03 55.32 86.58 53.71 93.09 30.27 40.31 59.81 55.46 61.85 74.03 79.40 65.62 26.57 72.92 48.51 87.11 85.00 79.21 
71.25 0.00 25.61 77.52 28.64 19.21 45.88 17.80 38.60 21.59 84.65 17.20 15.81 17.00 22.36 49.73 69.81 52.61 44.01 71.31 75.29 56.14 23.09 22.85 82.88 64.94 66.49 61.68 57.01 68.68 72.69 13.89 42.20 34.01 76.55 95.96 30.41 81.69 65.19 48.80 12.21 63.01 69.87 82.29 87.09 63.64 53.01 38.12 87.42 29.41 57.87 76.28 17.20 23.85 97.62 48.02 100.00 27.51 74.97 33.24 39.56 46.04 59.46 60.13 69.05 42.20 42.94 50.80 98.31 58.69 74.41 47.13 74.11 53.46 69.00 50.25 20.62 66.19 47.51 68.82 73.03 18.38 50.21 21.93 65.19 53.01 42.20 83.26 70.71 27.66 57.63 42.06 8.25 6.71 82.23 52.80 88.59 60.42 34.23 50.96 
51.97 25.61 0.00 57.43 46.17 32.02 24.19 31.32 53.76 21.02 88.39 26.68 12.08 33.24 26.00 72.01 74.63 40.00 21.00 82.30 74.43 73.76 9.22 12.08 85.49 80.50 45.04 53.04 46.75 46.10 88.57 12.04 64.41 47.38 82.97 91.44 14.87 85.23 65.74 52.20 27.66 46.24 49.25 91.41 74.95 65.92 37.12 58.69 84.20 4.12 35.06 73.01 42.80 33.24 95.00 46.07 102.42 9.22 60.83 51.55 53.34 64.56 36.22 41.76 84.38 33.42 18.44 30.81 99.36 74.81 74.30 61.29 91.41 40.22 87.32 54.82 12.37 75.66 49.65 74.73 54.82 29.83 54.12 35.00 65.74 72.12 21.84 75.07 72.50 34.01 63.06 56.44 33.29 23.60 69.46 64.03 82.02 75.33 55.46 65.28 
6.71 77.52 57.43 0.00 80.06 69.29 33.24 69.89 80.45 57.72 78.75 65.80 62.13 73.05 60.08 106.53 72.47 30.23 36.67 90.14 60.08 97.74 55.04 69.05 74.33 98.41 13.00 35.51 32.56 14.87 105.12 65.03 100.34 74.63 80.96 62.07 47.17 76.22 59.06 60.11 84.01 17.20 8.25 92.57 32.76 62.77 26.00 92.78 60.30 53.60 23.77 53.85 92.96 90.67 69.00 49.52 85.84 51.00 21.21 84.22 78.01 93.01 23.71 17.72 100.77 40.71 40.52 27.00 80.50 95.46 61.68 82.98 110.54 28.84 109.60 62.97 69.72 82.66 57.28 74.79 8.06 67.68 61.55 92.27 59.06 99.64 36.01 43.01 64.88 62.17 67.80 80.60 85.71 72.01 28.16 79.21 51.01 93.38 91.71 85.63 
73.36 28.64 46.17 80.06 0.00 14.32 55.90 14.87 10.30 27.46 60.44 19.70 34.21 13.15 22.80 27.59 45.80 50.16 56.22 43.42 55.71 28.07 38.48 49.09 59.64 36.35 72.42 52.47 50.70 76.22 44.18 35.51 20.62 8.54 50.91 78.11 40.80 57.80 45.54 29.61 40.16 63.07 74.09 54.92 78.16 42.54 54.20 13.45 68.95 48.47 67.21 58.94 26.91 51.62 77.88 35.13 76.06 42.06 69.86 5.39 12.04 18.44 69.31 62.77 40.45 39.36 57.69 57.49 75.45 30.15 54.23 18.79 46.04 51.48 41.44 29.41 47.04 39.20 30.15 44.05 73.41 16.55 30.08 48.75 45.54 25.96 51.66 70.26 49.19 18.03 34.48 13.89 29.53 25.00 74.55 25.61 73.35 31.78 11.66 22.47 
62.63 19.21 32.02 69.29 14.32 0.00 42.52 1.41 22.02 13.45 65.44 5.39 20.22 4.00 9.43 41.40 50.61 40.61 42.45 53.16 56.61 41.77 24.17 36.12 63.70 49.01 60.42 46.39 43.00 63.81 57.04 22.00 34.06 16.12 57.45 77.90 26.91 62.48 46.40 29.83 31.40 52.89 62.65 63.69 72.44 44.60 43.32 27.46 69.12 34.18 54.20 58.18 26.48 43.01 79.06 30.68 80.81 27.78 62.07 19.70 22.09 32.57 56.22 51.62 53.00 29.43 43.60 44.94 79.20 43.10 55.61 30.07 59.54 41.77 55.32 31.11 34.23 47.54 28.84 49.65 63.32 2.24 31.14 41.11 46.40 40.16 38.29 66.76 51.66 9.49 38.42 25.02 23.85 13.42 68.12 34.48 71.31 44.01 24.84 34.06 
27.89 45.88 24.19 33.24 55.90 42.52 0.00 42.64 59.91 29.21 79.51 37.80 30.08 45.61 33.24 83.49 68.01 22.47 4.24 80.81 62.59 79.76 22.80 35.90 75.80 83.77 21.02 36.77 30.08 22.80 91.55 32.56 76.37 53.25 77.03 75.18 16.12 76.42 56.22 47.85 51.09 23.60 25.08 87.37 53.81 58.01 16.64 69.35 69.46 20.40 12.08 59.14 62.39 57.43 80.11 38.12 91.44 18.44 39.05 60.96 58.31 72.42 13.89 18.36 87.09 23.19 9.22 7.21 87.36 79.16 63.15 65.30 95.75 21.93 93.06 50.99 36.50 73.35 44.72 69.12 31.02 40.46 49.82 59.08 56.22 79.88 4.24 56.86 63.29 38.60 58.55 61.40 54.12 41.23 48.17 64.85 64.66 78.39 67.18 68.88 
63.25 17.80 31.32 69.89 14.87 1.41 42.64 0.00 23.00 13.45 66.84 5.00 19.42 3.16 9.85 41.62 52.01 41.44 42.43 54.41 58.01 42.58 23.71 35.06 65.12 50.00 60.83 47.52 44.01 64.14 58.01 21.02 34.21 17.26 58.83 79.26 26.87 63.89 47.80 31.24 30.00 53.60 63.16 65.00 73.55 46.01 43.97 27.78 70.49 33.62 54.41 59.54 25.32 41.62 80.45 31.95 82.22 27.46 63.03 20.25 23.19 33.24 56.40 52.20 54.01 30.27 43.42 45.28 80.61 44.05 57.01 31.14 60.41 42.58 56.09 32.53 33.14 48.85 30.23 51.04 64.03 2.24 32.56 39.70 47.80 40.80 38.42 68.01 53.08 10.77 39.82 26.08 22.47 12.08 69.18 35.74 72.62 45.04 25.00 35.13 
73.82 38.60 53.76 80.45 10.30 22.02 59.91 23.00 0.00 33.53 51.04 27.17 42.19 22.20 28.46 26.40 36.72 50.22 60.90 33.12 48.27 20.25 45.35 58.03 50.61 27.00 74.28 49.65 49.19 78.49 35.01 44.01 21.38 6.71 41.11 70.83 46.10 48.55 38.47 24.19 50.33 63.25 75.29 44.65 74.33 34.93 55.32 14.04 61.61 55.54 70.43 52.35 36.80 61.85 69.89 32.31 66.61 48.38 67.78 8.06 3.00 12.73 72.62 63.89 31.02 40.36 63.07 60.31 66.37 21.10 46.57 8.54 37.66 51.61 33.84 23.00 56.08 29.07 25.71 34.67 73.25 24.08 24.02 59.03 38.47 20.00 55.76 65.07 41.11 21.47 26.25 3.61 39.82 34.37 71.31 15.56 67.19 22.09 15.30 12.37 
51.20 21.59 21.02 57.72 27.46 13.45 29.21 13.45 33.53 0.00 68.88 8.60 11.66 16.40 5.10 54.82 54.63 31.14 29.00 61.29 56.73 53.76 12.04 28.64 66.37 59.84 47.93 40.31 35.44 51.00 67.90 15.00 47.51 26.93 62.63 76.06 13.45 65.76 47.20 32.20 31.76 42.19 50.60 70.61 65.52 46.65 32.25 40.80 67.94 22.20 41.05 56.64 35.36 42.20 78.49 28.28 83.53 14.87 53.46 32.76 32.76 45.19 43.01 40.02 63.64 20.62 30.23 32.20 81.02 54.34 56.22 40.61 71.06 32.06 67.36 34.54 27.29 54.74 30.02 54.42 52.47 11.31 34.01 41.68 47.20 52.80 25.00 62.18 53.54 13.00 42.72 35.90 29.15 15.13 60.64 43.01 67.96 54.59 38.29 44.55 
74.22 84.65 88.39 78.75 60.44 65.44 79.51 66.84 51.04 68.88 0.00 68.24 80.53 68.01 65.00 68.41 14.87 58.01 82.87 26.00 18.68 50.01 79.31 97.49 4.47 42.05 80.89 45.28 51.04 85.99 43.42 83.73 67.78 52.40 11.18 29.97 74.63 3.16 23.35 36.72 96.83 65.76 78.64 18.79 53.01 22.47 65.00 62.61 23.43 87.92 84.02 25.08 87.32 108.41 24.74 42.72 15.62 79.71 57.94 59.08 48.60 54.78 86.05 70.35 41.05 57.27 87.30 75.06 15.81 44.72 17.26 44.29 49.65 59.00 53.08 34.67 96.18 24.04 38.91 16.40 70.88 66.40 34.99 106.53 23.35 55.54 76.94 39.41 16.28 57.69 27.02 47.71 88.41 78.60 54.20 35.85 34.66 40.61 65.37 42.54 
59.20 17.20 26.68 65.80 19.70 5.39 37.80 5.00 27.17 8.60 68.24 0.00 15.03 7.81 6.00 46.62 53.54 38.05 37.48 57.49 58.14 47.07 18.79 31.40 66.22 54.08 56.36 45.35 41.30 59.54 62.13 17.12 39.20 21.00 60.83 78.77 21.93 65.22 48.10 31.89 29.00 49.82 58.87 67.68 71.20 46.75 40.02 32.76 70.21 28.79 49.65 59.08 28.00 40.36 80.43 30.89 83.41 22.47 60.03 25.08 27.00 37.95 51.61 48.08 58.03 27.00 38.42 40.71 81.47 48.26 57.31 35.00 64.78 39.12 60.64 33.60 29.61 51.55 30.41 52.84 60.21 3.16 33.42 38.95 48.10 45.54 33.60 66.48 53.81 10.63 41.34 30.02 23.41 10.63 66.61 38.83 71.55 49.01 30.00 39.00 
56.01 15.81 12.08 62.13 34.21 20.22 30.08 19.42 42.19 11.66 80.53 15.03 0.00 21.19 15.81 59.94 66.21 39.22 28.23 72.01 68.25 61.98 7.28 17.09 78.03 69.12 50.80 50.25 44.72 52.89 77.16 3.61 52.35 36.01 74.09 87.11 15.00 77.41 58.82 43.83 22.56 48.37 54.33 81.74 74.46 58.31 38.47 46.62 79.20 15.00 42.06 67.88 32.65 31.76 89.83 39.70 95.19 11.70 61.40 39.56 42.01 52.63 43.66 45.01 73.06 30.02 27.46 35.23 92.66 63.29 67.80 50.01 79.76 39.85 75.50 46.10 15.65 65.73 41.68 65.92 58.08 18.11 45.62 31.95 58.82 60.17 26.48 72.40 65.19 23.77 54.23 45.04 24.04 12.04 69.29 53.46 78.60 64.03 43.38 54.01 
66.41 17.00 33.24 73.05 13.15 4.00 45.61 3.16 22.20 16.40 68.01 7.81 21.19 0.00 13.00 39.12 53.15 44.55 45.28 54.42 59.91 41.19 26.08 36.01 66.47 49.09 63.95 50.36 47.00 67.23 57.04 22.36 31.62 17.09 59.64 81.41 29.73 65.12 49.65 33.02 29.15 56.75 66.31 65.31 76.42 47.63 47.13 25.50 72.56 35.78 57.43 61.72 22.56 40.82 82.38 34.48 83.49 30.00 66.07 18.44 22.80 31.58 59.41 55.36 53.15 33.38 46.10 48.37 82.07 43.01 58.82 30.59 59.14 45.71 54.59 34.06 34.00 49.19 32.25 52.01 67.19 5.39 34.21 38.60 49.65 39.05 41.40 70.60 54.67 13.34 41.04 25.50 20.62 12.17 72.11 35.85 75.03 44.28 22.47 34.53 
53.45 22.36 26.00 60.08 22.80 9.43 33.24 9.85 28.46 5.10 65.00 6.00 15.81 13.00 0.00 50.33 50.54 32.06 33.42 56.44 53.74 48.70 17.12 32.89 62.68 54.74 51.00 39.56 35.36 54.38 62.80 18.79 43.14 21.84 58.31 73.82 18.03 61.91 43.93 28.30 33.60 43.93 53.31 65.97 65.31 43.01 34.21 36.24 65.44 27.29 44.82 54.20 34.00 44.60 75.82 25.81 79.88 19.92 54.04 28.02 27.66 40.25 46.86 42.38 58.55 21.00 34.99 35.51 77.62 49.24 53.08 35.51 65.97 33.14 62.30 30.41 31.38 50.01 26.40 50.16 54.34 7.62 30.02 43.60 43.93 47.85 29.00 60.93 50.00 8.06 38.48 30.81 29.12 15.65 60.67 38.05 66.24 49.50 33.94 39.46 
99.86 49.73 72.01 106.53 27.59 41.40 83.49 41.62 26.40 54.82 68.41 46.62 59.94 39.12 50.33 0.00 56.44 76.32 83.74 43.86 71.00 18.79 65.19 72.42 69.43 28.84 99.64 75.96 75.58 103.59 33.24 60.42 7.62 31.91 57.28 93.13 68.25 66.71 62.20 50.00 58.31 89.36 101.02 55.47 100.17 58.08 81.02 14.14 84.05 74.79 94.76 76.16 38.01 68.00 90.80 58.69 82.87 69.07 94.15 22.67 29.15 15.13 96.88 89.63 32.02 66.03 85.00 84.96 84.20 24.17 69.01 27.17 31.06 77.70 24.70 48.27 70.21 44.38 51.87 53.60 99.48 43.60 49.48 64.03 62.20 13.00 79.25 90.09 63.03 45.34 49.09 27.20 46.27 48.85 97.42 35.00 91.20 28.23 16.64 27.02 
67.12 69.81 74.63 72.47 45.80 50.61 68.01 52.01 36.72 54.63 14.87 53.54 66.21 53.15 50.54 56.44 0.00 47.85 71.03 19.42 16.55 39.01 65.46 83.26 13.89 33.24 72.42 37.16 41.76 77.49 37.12 69.32 54.82 37.64 9.06 37.05 61.39 12.04 13.42 22.47 82.01 57.58 70.94 20.25 52.01 10.20 54.92 49.04 28.28 74.46 73.98 23.32 72.62 93.60 34.37 30.07 30.41 66.22 53.01 44.78 34.13 41.98 76.12 61.40 33.62 45.04 75.17 64.38 29.68 34.13 14.32 30.68 43.38 49.03 45.22 20.12 81.86 13.60 25.00 3.16 64.41 51.61 20.62 91.68 13.42 44.05 65.03 39.12 8.60 43.05 12.21 33.54 73.55 63.82 51.62 22.14 37.34 30.27 51.48 29.61 
23.60 52.61 40.00 30.23 50.16 40.61 22.47 41.44 50.22 31.14 58.01 38.05 39.22 44.55 32.06 76.32 47.85 0.00 26.40 63.16 40.45 67.88 33.54 51.87 54.08 69.40 25.55 14.32 7.62 30.41 76.55 42.72 70.24 44.42 56.89 53.00 25.55 55.00 35.13 31.06 61.68 13.04 25.50 67.91 35.34 37.66 7.07 62.65 47.01 37.54 26.17 36.69 66.03 70.77 57.70 20.25 69.23 31.06 22.36 54.12 47.80 62.80 28.28 14.42 72.11 11.18 31.30 17.12 65.00 65.95 41.19 53.04 81.61 1.41 80.16 34.13 51.62 55.54 28.02 49.48 23.26 39.32 32.76 71.17 35.13 69.53 21.10 35.38 42.05 32.57 40.31 50.45 60.30 46.27 30.08 50.00 42.80 64.20 61.74 55.90 
31.62 44.01 21.00 36.67 56.22 42.45 4.24 42.43 60.90 29.00 82.87 37.48 28.23 45.28 33.42 83.74 71.03 26.40 0.00 83.19 66.22 80.95 21.02 32.39 79.25 85.44 24.08 40.72 34.01 25.18 93.30 30.36 76.49 54.20 80.01 79.26 15.56 79.76 59.54 50.36 48.37 27.80 28.44 90.14 58.05 61.13 20.81 69.66 73.41 17.03 14.14 62.97 60.84 54.15 84.10 41.00 95.08 16.55 43.28 61.40 59.48 73.25 15.52 22.47 88.87 26.00 5.00 11.40 91.09 80.62 66.71 66.71 97.31 25.94 94.37 53.46 33.14 75.80 47.27 72.01 34.93 40.31 52.35 56.00 59.54 80.78 6.00 61.03 66.61 39.45 61.20 62.61 52.20 39.82 52.40 66.76 68.80 80.06 67.27 70.38 
84.38 71.31 82.30 90.14 43.42 53.16 80.81 54.41 33.12 61.29 26.00 57.49 72.01 54.42 56.44 43.86 19.42 63.16 83.19 0.00 35.85 25.08 73.17 88.84 28.28 16.12 88.57 54.64 58.18 93.52 18.03 74.53 44.65 37.34 15.13 54.57 71.06 25.18 31.83 32.98 83.26 74.30 87.71 12.04 71.40 27.66 70.01 41.04 46.49 83.05 88.54 42.72 69.40 94.85 50.36 43.32 39.29 75.01 71.59 40.22 31.78 32.02 90.76 77.39 15.13 57.72 86.70 78.45 41.30 19.70 33.62 24.70 24.35 64.47 27.17 29.83 87.10 7.62 36.14 16.40 82.10 54.82 31.05 92.13 31.83 30.87 77.28 58.52 28.02 48.37 22.85 29.53 72.95 66.41 70.84 18.68 56.36 15.65 44.55 21.40 
55.54 75.29 74.43 60.08 55.71 56.61 62.59 58.01 48.27 56.73 18.68 58.14 68.25 59.91 53.74 71.00 16.55 40.45 66.22 35.85 0.00 54.59 65.73 84.63 14.32 49.65 62.39 27.00 33.14 67.48 53.67 71.70 68.36 47.17 22.63 22.56 59.94 16.16 10.30 26.93 87.11 47.27 60.02 34.06 36.07 13.34 47.27 61.81 13.34 73.36 66.07 7.07 81.41 98.31 22.47 28.60 28.86 65.37 39.40 56.04 45.35 56.04 68.03 52.04 50.16 41.63 70.88 57.56 25.08 50.01 2.24 44.10 59.93 41.30 61.68 26.40 83.60 30.08 27.80 19.70 52.20 57.01 25.94 97.08 10.30 59.21 60.44 22.80 8.25 47.63 22.20 45.71 80.45 68.77 36.40 36.00 20.88 46.32 63.56 44.01 
91.29 56.14 73.76 97.74 28.07 41.77 79.76 42.58 20.25 53.76 50.01 47.07 61.98 41.19 48.70 18.79 39.01 67.88 80.95 25.08 54.59 0.00 65.52 77.16 51.35 10.63 92.85 64.35 65.44 97.31 17.09 63.51 20.52 26.93 38.83 76.06 66.31 48.51 46.84 38.01 66.91 80.66 93.35 36.72 86.54 42.45 73.66 19.31 67.19 75.69 89.87 60.42 49.40 77.88 73.11 48.27 64.20 68.62 82.68 23.00 21.47 10.20 92.09 82.07 14.42 59.03 83.26 79.63 65.73 5.39 52.47 14.87 18.00 69.30 13.60 35.51 75.11 26.17 40.61 36.00 90.14 43.93 36.89 74.46 46.84 5.83 75.66 75.29 46.39 41.63 33.84 18.36 55.32 53.04 84.53 19.70 75.31 9.49 23.41 12.21 
49.01 23.09 9.22 55.04 38.48 24.17 22.80 23.71 45.35 12.04 79.31 18.79 7.28 26.08 17.12 65.19 65.46 33.54 21.02 73.17 65.73 65.52 0.00 19.10 76.49 71.85 43.57 45.61 39.66 45.61 79.91 10.00 57.69 38.83 73.76 83.45 8.25 76.16 56.82 43.01 29.15 41.77 47.17 82.20 68.88 56.86 32.02 51.48 75.93 10.20 34.79 64.66 39.81 37.34 86.68 37.22 93.48 4.47 55.36 43.86 44.72 56.65 36.40 38.12 75.66 25.50 20.62 28.07 90.55 66.29 65.51 52.61 82.98 34.01 79.12 45.61 18.44 66.48 40.50 65.52 51.24 21.93 44.92 38.08 56.82 64.26 19.24 67.80 63.51 25.02 53.85 47.85 31.32 18.87 63.56 55.00 74.41 66.61 48.55 56.57 
63.79 22.85 12.08 69.05 49.09 36.12 35.90 35.06 58.03 28.64 97.49 31.40 17.09 36.01 32.89 72.42 83.26 51.87 32.39 88.84 84.63 77.16 19.10 0.00 94.89 85.02 56.44 64.54 58.41 57.04 93.01 14.32 64.85 52.24 91.18 102.55 26.40 94.37 75.47 60.84 19.42 58.31 60.83 98.76 86.95 75.18 49.19 60.21 95.02 15.52 46.10 83.74 38.60 22.02 105.76 56.04 112.00 20.81 72.90 54.23 58.22 67.36 47.01 53.76 89.05 44.55 29.02 42.72 109.29 79.00 84.31 66.19 95.13 52.15 90.45 63.16 2.24 82.71 58.59 83.01 66.76 34.23 62.65 24.52 75.47 74.67 33.84 86.68 81.99 40.80 71.31 61.13 28.60 24.19 81.49 70.21 93.43 80.10 56.52 70.18 
69.86 82.88 85.49 74.33 59.64 63.70 75.80 65.12 50.61 66.37 4.47 66.22 78.03 66.47 62.68 69.43 13.89 54.08 79.25 28.28 14.32 51.35 76.49 94.89 0.00 44.05 76.66 41.11 47.00 81.74 46.10 81.30 68.31 51.40 13.15 26.57 71.51 3.16 19.92 34.41 95.02 61.52 74.33 22.47 48.60 19.72 61.03 62.77 19.42 84.86 80.00 20.62 86.40 106.53 22.09 39.56 17.20 76.69 53.49 58.67 48.02 55.36 82.01 66.19 43.42 53.85 83.74 71.18 15.81 46.17 13.04 44.38 52.39 55.04 55.44 32.65 93.65 25.18 36.36 16.16 66.48 64.54 32.80 104.80 19.92 56.72 73.35 35.00 13.00 55.61 25.50 47.41 87.00 76.69 49.74 35.85 30.48 42.11 65.31 43.01 
92.20 64.94 80.50 98.41 36.35 49.01 83.77 50.00 27.00 59.84 42.05 54.08 69.12 49.09 54.74 28.84 33.24 69.40 85.44 16.12 49.65 10.63 71.85 85.02 44.05 0.00 94.87 63.70 65.86 99.57 8.06 71.01 31.14 33.14 31.00 69.87 71.57 41.01 43.42 38.42 76.16 81.69 94.81 26.93 83.73 38.95 75.72 29.53 61.39 82.04 93.06 56.08 59.51 87.36 66.12 49.20 55.32 74.53 81.69 31.78 27.17 20.12 95.29 83.82 4.12 61.77 88.23 82.76 57.43 6.32 47.43 19.24 12.21 70.80 12.08 35.47 83.05 19.65 41.40 30.08 90.55 51.04 36.88 84.12 43.42 16.28 79.85 71.59 41.44 47.07 31.40 24.08 64.85 61.20 82.38 19.42 70.52 5.39 33.54 15.30 
10.00 66.49 45.04 13.00 72.42 60.42 21.02 60.83 74.28 47.93 80.89 56.36 50.80 63.95 51.00 99.64 72.42 25.55 24.08 88.57 62.39 92.85 43.57 56.44 76.66 94.87 0.00 35.69 30.68 5.10 102.08 53.46 93.01 68.01 81.32 68.66 36.14 78.09 59.20 56.60 72.11 15.13 5.00 92.66 41.59 62.30 19.21 85.60 65.28 41.11 10.77 57.04 82.57 78.23 74.97 45.79 90.00 39.32 27.51 77.01 72.12 87.00 10.82 11.18 97.64 33.94 27.66 15.81 85.05 91.21 63.64 77.99 107.07 24.19 105.42 59.68 57.22 80.96 53.54 74.33 14.42 58.59 58.31 80.02 59.20 94.05 24.33 49.24 65.73 54.41 65.74 74.97 74.73 61.40 36.25 75.45 57.49 89.63 84.05 81.06 
29.97 61.68 53.04 35.51 52.47 46.39 36.77 47.52 49.65 40.31 45.28 45.35 50.25 50.36 39.56 75.96 37.16 14.32 40.72 54.64 27.00 64.35 45.61 64.54 41.11 63.70 35.69 0.00 6.71 40.79 70.04 53.85 70.88 45.12 45.88 38.83 38.21 42.43 23.77 26.42 72.01 20.62 33.84 57.38 26.08 27.29 20.62 63.32 32.70 50.99 39.12 22.56 72.84 81.99 43.38 17.46 55.44 43.86 18.36 55.32 46.82 61.33 41.05 25.08 65.76 20.25 45.62 31.05 50.99 61.40 28.07 50.12 75.66 14.87 75.29 28.84 64.03 47.20 24.17 39.36 27.46 45.71 27.46 81.84 23.77 67.12 35.36 22.20 30.08 37.12 32.56 48.85 68.68 55.03 22.09 45.00 29.00 58.90 63.35 52.15 
26.40 57.01 46.75 32.56 50.70 43.00 30.08 44.01 49.19 35.44 51.04 41.30 44.72 47.00 35.36 75.58 41.76 7.62 34.01 58.18 33.14 65.44 39.66 58.41 47.00 65.86 30.68 6.71 0.00 35.74 72.62 48.30 70.01 44.01 50.70 45.49 32.02 48.09 28.64 27.59 66.85 16.12 29.53 61.98 30.08 31.62 14.14 62.39 39.40 44.55 33.00 29.12 69.18 76.48 50.09 17.20 61.81 37.64 19.24 54.08 46.53 61.40 35.01 19.65 68.25 14.87 38.91 24.52 57.49 62.97 34.01 50.80 77.99 8.25 77.08 30.41 58.01 50.61 24.84 43.66 24.76 42.05 29.00 76.56 28.64 67.68 28.65 28.32 35.36 34.13 35.51 48.88 64.33 50.45 25.32 46.67 35.47 60.83 61.98 53.26 
13.93 68.68 46.10 14.87 76.22 63.81 22.80 64.14 78.49 51.00 85.99 59.54 52.89 67.23 54.38 103.59 77.49 30.41 25.18 93.52 67.48 97.31 45.61 57.04 81.74 99.57 5.10 40.79 35.74 0.00 106.85 55.32 96.83 72.14 86.40 73.35 38.63 83.19 64.29 61.40 73.55 20.22 8.54 97.72 45.69 67.36 23.85 89.50 70.18 42.05 11.05 62.07 85.09 79.01 79.76 50.61 95.01 41.23 32.02 80.92 76.42 91.22 10.05 16.16 102.40 38.29 28.02 18.87 90.02 95.80 68.73 82.46 111.77 29.07 110.00 64.50 58.00 85.91 58.31 79.38 18.38 61.91 63.13 81.06 64.29 98.35 26.57 53.94 70.83 58.26 70.68 79.31 76.92 63.91 40.50 80.16 62.17 94.30 87.80 85.60 
99.02 72.69 88.57 105.12 44.18 57.04 91.55 58.01 35.01 67.90 43.42 62.13 77.16 57.04 62.80 33.24 37.12 76.55 93.30 18.03 53.67 17.09 79.91 93.01 46.10 8.06 102.08 70.04 72.62 106.85 0.00 79.03 36.89 41.19 32.98 72.53 79.56 42.95 48.60 45.49 83.74 88.60 101.83 26.08 88.75 44.20 83.01 36.40 64.51 90.09 100.62 60.42 66.48 94.83 68.07 56.30 55.15 82.57 87.73 39.46 35.23 27.20 102.86 90.97 4.47 69.32 96.17 90.34 58.01 14.04 51.43 27.29 6.32 77.94 10.44 42.44 91.02 23.85 48.55 34.00 97.19 59.08 43.83 91.48 48.60 21.95 87.66 76.16 45.65 55.11 37.48 32.14 72.28 69.12 87.80 26.83 74.32 13.34 40.50 23.35 
59.01 13.89 12.04 65.03 35.51 22.00 32.56 21.02 44.01 15.00 83.73 17.12 3.61 22.36 18.79 60.42 69.32 42.72 30.36 74.53 71.70 63.51 10.00 14.32 81.30 71.01 53.46 53.85 48.30 55.32 79.03 0.00 52.80 38.05 77.08 90.69 18.11 80.62 62.20 47.01 19.24 51.62 57.14 84.48 78.00 61.59 41.77 47.43 82.73 15.62 44.38 71.42 31.06 28.18 93.35 43.19 98.48 14.14 64.85 40.79 44.05 53.94 45.88 48.09 75.00 33.62 29.07 38.05 96.02 65.07 71.22 52.04 81.39 43.32 76.94 49.19 12.65 68.41 44.94 68.94 61.20 20.02 48.76 28.46 62.20 61.39 29.15 76.01 68.51 26.57 57.27 47.01 21.93 11.66 72.80 55.90 82.20 66.01 44.01 56.04 
93.65 42.20 64.41 100.34 20.62 34.06 76.37 34.21 21.38 47.51 67.78 39.20 52.35 31.62 43.14 7.62 54.82 70.24 76.49 44.65 68.36 20.52 57.69 64.85 68.31 31.14 93.01 70.88 70.01 96.83 36.89 52.80 0.00 26.00 56.86 90.80 60.96 65.79 59.03 45.54 51.09 83.24 94.58 56.61 95.71 55.15 74.63 7.62 81.61 67.23 87.78 73.03 31.26 61.07 89.05 53.45 82.76 61.61 88.87 16.12 24.33 13.00 89.87 83.22 34.83 59.68 77.62 78.10 83.57 25.50 66.48 24.33 35.85 71.59 29.73 44.18 62.64 43.86 47.07 52.20 93.48 36.24 45.28 57.22 59.03 15.00 72.12 86.28 60.67 38.60 46.17 23.02 39.05 41.23 92.65 32.76 88.01 29.21 9.22 25.30 
67.96 34.01 47.38 74.63 8.54 16.12 53.25 17.26 6.71 26.93 52.40 21.00 36.01 17.09 21.84 31.91 37.64 44.42 54.20 37.34 47.17 26.93 38.83 52.24 51.40 33.14 68.01 45.12 44.01 72.14 41.19 38.05 26.00 0.00 43.28 69.57 39.40 49.68 37.00 21.21 46.07 57.45 69.20 48.30 70.46 34.01 49.20 18.38 60.41 49.03 63.89 50.45 35.00 57.71 69.35 27.66 68.01 41.76 62.94 10.20 6.00 19.21 66.07 57.80 37.05 34.21 56.36 53.81 67.20 27.46 45.69 14.00 44.15 45.79 40.50 20.88 50.36 32.25 22.00 36.07 67.60 18.03 21.59 55.23 37.00 26.63 49.09 62.07 40.71 14.76 26.08 9.06 36.40 29.12 67.08 18.79 64.94 28.02 18.25 18.00 
75.77 76.55 82.97 80.96 50.91 57.45 77.03 58.83 41.11 62.63 11.18 60.83 74.09 59.64 58.31 57.28 9.06 56.89 80.01 15.13 22.63 38.83 73.76 91.18 13.15 31.00 81.32 45.88 50.70 86.40 32.98 77.08 56.86 43.28 0.00 39.56 70.04 10.05 22.14 30.81 88.75 66.41 79.71 11.66 58.69 19.24 63.95 51.97 31.78 82.98 83.02 29.70 77.79 100.40 35.23 39.01 25.94 74.73 61.06 49.04 38.90 43.86 85.16 70.34 30.27 54.01 84.10 73.44 26.93 33.54 20.52 33.84 39.29 58.05 42.30 28.16 89.69 13.00 33.54 8.25 72.92 58.67 28.86 98.23 22.14 44.38 74.01 45.34 16.12 50.57 19.92 37.64 79.65 70.83 58.90 25.61 42.19 29.43 54.92 31.76 
59.68 95.96 91.44 62.07 78.11 77.90 75.18 79.26 70.83 76.06 29.97 78.77 87.11 81.41 73.82 93.13 37.05 53.00 79.26 54.57 22.56 76.06 83.45 102.55 26.57 69.87 68.66 38.83 45.49 73.35 72.53 90.69 90.80 69.57 39.56 0.00 76.58 29.73 32.57 48.85 107.42 54.71 64.94 48.75 30.27 35.90 58.59 84.34 9.22 89.64 75.27 19.72 103.37 118.23 7.62 48.01 27.46 82.22 41.44 78.59 67.91 78.31 76.84 60.41 69.63 58.05 84.22 68.88 21.63 71.18 24.33 66.48 78.85 53.34 81.58 48.70 101.82 50.36 49.19 40.11 55.44 78.03 48.10 117.41 32.57 81.00 74.09 19.42 30.15 68.60 44.72 68.25 101.71 89.31 34.00 58.22 11.18 67.27 86.12 66.12 
41.01 30.41 14.87 47.17 40.80 26.91 16.12 26.87 46.10 13.45 74.63 21.93 15.00 29.73 18.03 68.25 61.39 25.55 15.56 71.06 59.94 66.31 8.25 26.40 71.51 71.57 36.14 38.21 32.02 38.63 79.56 18.11 60.96 39.40 70.04 76.58 0.00 71.47 51.62 39.32 37.34 33.54 39.46 79.23 60.83 52.20 23.77 54.20 69.40 13.42 28.18 58.25 46.49 45.54 80.21 31.95 88.24 5.66 47.17 46.04 44.94 58.18 30.02 30.02 75.19 18.60 17.00 20.40 84.97 66.41 59.93 52.50 83.17 25.94 79.85 42.19 26.08 64.00 36.50 61.81 43.10 24.76 41.30 46.32 51.62 65.76 12.08 60.31 58.52 24.70 50.36 48.10 38.64 25.30 55.46 53.60 67.18 66.22 51.74 56.32 
71.57 81.69 85.23 76.22 57.80 62.48 76.42 63.89 48.55 65.76 3.16 65.22 77.41 65.12 61.91 66.71 12.04 55.00 79.76 25.18 16.16 48.51 76.16 94.37 3.16 41.01 78.09 42.43 48.09 83.19 42.95 80.62 65.79 49.68 10.05 29.73 71.47 0.00 20.22 33.62 93.86 62.97 75.93 19.42 51.22 19.31 62.01 60.42 22.47 84.76 81.06 22.83 84.65 105.42 25.18 39.56 18.38 76.55 55.54 56.60 46.04 52.81 83.10 67.48 40.31 54.13 84.17 72.03 17.89 43.29 14.56 42.05 49.24 56.01 52.35 31.62 93.06 22.36 35.78 13.89 68.31 63.41 31.91 103.59 20.22 53.94 73.82 37.64 13.15 54.64 24.08 45.28 85.56 75.60 52.15 33.54 33.42 39.20 63.06 40.50 
53.71 65.19 65.74 59.06 45.54 46.40 56.22 47.80 38.47 47.20 23.35 48.10 58.82 49.65 43.93 62.20 13.42 35.13 59.54 31.83 10.30 46.84 56.82 75.47 19.92 43.42 59.20 23.77 28.64 64.29 48.60 62.20 59.03 37.00 22.14 32.57 51.62 20.22 0.00 16.64 77.10 44.27 57.58 33.62 40.31 4.47 42.19 52.24 23.41 65.00 61.29 14.00 71.12 88.39 32.76 19.70 36.67 56.86 39.82 46.10 35.51 47.10 63.39 48.27 44.65 33.96 63.95 52.01 33.84 42.72 9.22 35.06 54.64 36.22 55.47 16.16 74.33 24.84 17.69 15.81 51.00 46.86 15.65 87.05 0.00 50.99 53.60 28.46 7.07 37.54 13.15 36.12 70.21 58.73 39.20 27.46 29.02 39.40 53.76 35.51 
53.81 48.80 52.20 60.11 29.61 29.83 47.85 31.24 24.19 32.20 36.72 31.89 43.83 33.02 28.30 50.00 22.47 31.06 50.36 32.98 26.93 38.01 43.01 60.84 34.41 38.42 56.60 26.42 27.59 61.40 45.49 47.01 45.54 21.21 30.81 48.85 39.32 33.62 16.64 0.00 60.83 43.28 56.40 40.01 50.22 14.87 37.59 38.21 39.81 52.17 55.71 29.41 54.56 72.25 49.40 10.82 51.61 43.93 44.78 31.02 21.21 35.11 57.94 45.49 41.05 24.74 54.08 45.54 49.58 35.38 25.81 23.71 50.61 32.45 49.50 3.16 59.48 25.50 3.16 22.56 52.35 30.41 2.00 70.71 16.64 40.71 44.41 41.00 21.93 21.26 11.05 22.80 53.60 42.45 47.43 19.10 43.74 33.30 39.00 25.81 
78.10 12.21 27.66 84.01 40.16 31.40 51.09 30.00 50.33 31.76 96.83 29.00 22.56 29.15 33.60 58.31 82.01 61.68 48.37 83.26 87.11 66.91 29.15 19.42 95.02 76.16 72.11 72.01 66.85 73.55 83.74 19.24 51.09 46.07 88.75 107.42 37.34 93.86 77.10 60.83 0.00 70.86 76.01 94.37 96.80 75.69 61.00 48.17 99.02 31.78 62.51 87.80 21.19 11.66 109.34 59.41 112.16 33.02 83.93 44.38 51.48 56.72 63.79 67.27 80.28 52.00 46.10 57.01 110.39 69.86 86.31 58.87 84.72 62.36 79.31 62.37 17.49 78.29 59.41 81.02 80.40 30.48 62.29 10.00 77.10 63.29 48.00 93.94 82.76 39.60 69.81 53.85 12.04 18.38 91.71 64.85 99.64 71.84 44.10 62.63 
10.63 63.01 46.24 17.20 63.07 52.89 23.60 53.60 63.25 42.19 65.76 49.82 48.37 56.75 43.93 89.36 57.58 13.04 27.80 74.30 47.27 80.66 41.77 58.31 61.52 81.69 15.13 20.62 16.12 20.22 88.60 51.62 83.24 57.45 66.41 54.71 33.54 62.97 44.27 43.28 70.86 0.00 13.42 77.83 30.41 47.54 10.00 75.66 50.64 42.95 20.62 42.00 77.52 78.85 60.64 32.56 75.03 38.33 15.56 67.12 60.80 75.80 22.14 5.83 84.20 23.77 32.65 16.40 70.18 78.52 48.51 65.86 93.86 11.66 92.70 46.23 58.52 66.73 40.36 59.62 10.44 51.42 44.82 79.83 44.27 82.46 24.60 35.47 50.70 45.31 51.62 63.41 71.01 57.04 24.76 62.37 43.66 76.58 74.69 68.59 
5.39 69.87 49.25 8.25 74.09 62.65 25.08 63.16 75.29 50.60 78.64 58.87 54.33 66.31 53.31 101.02 70.94 25.50 28.44 87.71 60.02 93.35 47.17 60.83 74.33 94.81 5.00 33.84 29.53 8.54 101.83 57.14 94.58 69.20 79.71 64.94 39.46 75.93 57.58 56.40 76.01 13.42 0.00 91.18 37.16 60.93 20.00 87.09 62.03 45.40 15.65 54.33 85.62 82.49 71.45 45.61 87.09 43.05 23.54 78.49 73.00 87.97 15.81 11.40 97.42 35.00 32.28 19.10 82.01 91.44 61.39 78.49 107.00 24.08 105.65 59.41 61.52 80.13 53.41 73.01 9.85 60.93 58.01 84.15 57.58 94.85 28.02 45.54 63.89 56.08 65.00 75.74 78.09 64.54 31.95 75.43 53.76 89.64 85.76 81.39 
87.32 82.29 91.41 92.57 54.92 63.69 87.37 65.00 44.65 70.61 18.79 67.68 81.74 65.31 65.97 55.47 20.25 67.91 90.14 12.04 34.06 36.72 82.20 98.76 22.47 26.93 92.66 57.38 61.98 97.72 26.08 84.48 56.61 48.30 11.66 48.75 79.23 19.42 33.62 40.01 94.37 77.83 91.18 0.00 70.04 30.36 74.95 53.08 41.88 91.79 93.94 41.11 81.22 106.00 43.32 49.25 29.07 83.60 72.72 52.01 43.05 44.05 96.10 81.61 24.74 64.20 94.02 84.17 32.14 31.38 32.02 36.40 32.00 69.12 36.35 37.05 97.12 16.16 43.00 18.44 84.53 65.19 38.01 103.45 33.62 42.54 84.15 56.57 27.78 57.97 29.00 41.05 84.38 77.08 70.43 29.53 52.80 27.46 56.57 33.30 
31.78 87.09 74.95 32.76 78.16 72.44 53.81 73.55 74.33 65.52 53.01 71.20 74.46 76.42 65.31 100.17 52.01 35.34 58.05 71.40 36.07 86.54 68.88 86.95 48.60 83.73 41.59 26.08 30.08 45.69 88.75 78.00 95.71 70.46 58.69 30.27 60.83 51.22 40.31 50.22 96.80 30.41 37.16 70.04 0.00 44.78 38.01 88.28 30.87 72.11 50.22 29.00 98.86 106.10 37.66 43.05 56.30 66.24 14.87 80.62 71.39 85.16 51.31 36.12 84.91 44.92 62.97 46.69 50.60 82.76 38.21 73.38 94.87 34.89 95.77 51.92 86.83 64.90 48.66 55.00 27.31 71.70 50.70 106.40 40.31 90.14 54.20 13.60 43.42 63.20 52.80 73.01 94.37 80.52 5.66 66.85 19.92 79.61 88.68 74.67 
57.25 63.64 65.92 62.77 42.54 44.60 58.01 46.01 34.93 46.65 22.47 46.75 58.31 47.63 43.01 58.08 10.20 37.66 61.13 27.66 13.34 42.45 56.86 75.18 19.72 38.95 62.30 27.29 31.62 67.36 44.20 61.59 55.15 34.01 19.24 35.90 52.20 19.31 4.47 14.87 75.69 47.54 60.93 30.36 44.78 0.00 44.72 48.51 26.68 65.46 63.79 18.11 68.60 87.11 35.34 20.40 36.89 57.25 43.93 42.72 32.02 43.01 65.92 51.24 40.22 35.23 65.38 54.23 34.71 38.28 11.70 31.00 50.22 38.83 51.00 13.60 73.93 20.52 16.64 12.08 54.71 45.25 13.45 85.56 4.47 46.69 55.15 32.89 7.07 36.12 9.00 32.39 68.25 57.31 43.60 23.19 33.14 34.93 50.22 31.26 
19.31 53.01 37.12 26.00 54.20 43.32 16.64 43.97 55.32 32.25 65.00 40.02 38.47 47.13 34.21 81.02 54.92 7.07 20.81 70.01 47.27 73.66 32.02 49.19 61.03 75.72 19.21 20.62 14.14 23.85 83.01 41.77 74.63 49.20 63.95 58.59 23.77 62.01 42.19 37.59 61.00 10.00 20.00 74.95 38.01 44.72 0.00 67.12 53.14 34.13 19.10 43.17 67.60 69.26 63.69 26.83 75.95 28.79 23.71 58.52 53.08 68.01 21.21 8.60 78.55 15.00 25.81 10.44 71.59 72.01 48.09 58.80 87.92 6.00 86.21 40.71 49.24 62.39 34.48 56.52 20.22 41.76 39.36 70.09 42.19 74.97 16.28 40.22 49.09 36.24 47.17 55.87 61.01 47.04 32.45 56.30 48.02 70.46 65.86 61.85 
86.09 38.12 58.69 92.78 13.45 27.46 69.35 27.78 14.04 40.80 62.61 32.76 46.62 25.50 36.24 14.14 49.04 62.65 69.66 41.04 61.81 19.31 51.48 60.21 62.77 29.53 85.60 63.32 62.39 89.50 36.40 47.43 7.62 18.38 51.97 84.34 54.20 60.42 52.24 38.21 48.17 75.66 87.09 53.08 88.28 48.51 67.12 0.00 75.13 61.27 80.62 66.19 30.08 58.86 82.97 45.88 77.90 55.23 81.27 8.60 17.03 9.43 82.73 75.72 33.54 52.15 71.03 70.84 78.29 23.32 60.02 18.38 36.67 64.01 31.14 37.01 58.05 39.12 39.62 46.62 85.88 29.68 38.05 55.32 52.24 15.13 65.12 79.10 54.34 31.24 39.62 16.12 36.35 36.14 85.15 26.93 81.10 26.40 4.12 20.25 
57.00 87.42 84.20 60.30 68.95 69.12 69.46 70.49 61.61 67.94 23.43 70.21 79.20 72.56 65.44 84.05 28.28 47.01 73.41 46.49 13.34 67.19 75.93 95.02 19.42 61.39 65.28 32.70 39.40 70.18 64.51 82.73 81.61 60.41 31.78 9.22 69.40 22.47 23.41 39.81 99.02 50.64 62.03 41.88 30.87 26.68 53.14 75.13 0.00 82.66 70.83 11.31 94.37 109.99 10.82 39.70 25.71 75.00 39.12 69.38 58.69 69.18 72.57 56.09 61.40 50.80 78.29 63.57 20.22 62.39 15.13 57.31 70.84 47.54 73.25 39.56 94.18 41.77 40.31 31.40 53.04 69.34 39.00 109.02 23.41 72.03 67.98 17.72 21.02 59.91 35.51 59.03 92.96 80.80 33.24 49.09 11.40 58.55 76.90 57.04 
48.27 29.41 4.12 53.60 48.47 34.18 20.40 33.62 55.54 22.20 87.92 28.79 15.00 35.78 27.29 74.79 74.46 37.54 17.03 83.05 73.36 75.69 10.20 15.52 84.86 82.04 41.11 50.99 44.55 42.05 90.09 15.62 67.23 49.03 82.98 89.64 13.42 84.76 65.00 52.17 31.78 42.95 45.40 91.79 72.11 65.46 34.13 61.27 82.66 0.00 31.02 71.56 46.62 37.12 93.48 45.31 101.64 8.25 57.80 53.85 54.92 66.73 32.14 38.28 85.84 31.91 14.32 27.20 98.39 76.49 73.35 62.80 93.17 37.64 89.29 54.92 16.12 76.24 49.48 74.73 51.24 31.95 54.13 39.01 65.00 74.33 18.38 72.84 71.87 35.13 63.15 58.05 37.22 26.91 66.57 65.03 79.98 76.79 58.18 66.75 
20.00 57.87 35.06 23.77 67.21 54.20 12.08 54.41 70.43 41.05 84.02 49.65 42.06 57.43 44.82 94.76 73.98 26.17 14.14 88.54 66.07 89.87 34.79 46.10 80.00 93.06 10.77 39.12 33.00 11.05 100.62 44.38 87.78 63.89 83.02 75.27 28.18 81.06 61.29 55.71 62.51 20.62 15.65 93.94 50.22 63.79 19.10 80.62 70.83 31.02 0.00 61.52 74.46 68.03 81.04 45.22 94.53 30.36 35.51 72.12 68.60 83.10 2.24 14.87 96.15 31.30 17.12 10.30 89.94 88.84 67.01 75.17 105.19 25.08 102.93 58.87 47.01 80.96 52.55 75.50 24.08 52.20 57.58 70.03 61.29 90.43 16.12 56.08 68.18 49.52 65.80 71.61 66.10 53.31 44.65 73.79 64.26 87.71 78.64 78.55 
49.65 76.28 73.01 53.85 58.94 58.18 59.14 59.54 52.35 56.64 25.08 59.08 67.88 61.72 54.20 76.16 23.32 36.69 62.97 42.72 7.07 60.42 64.66 83.74 20.62 56.08 57.04 22.56 29.12 62.07 60.42 71.42 73.03 50.45 29.70 19.72 58.25 22.83 14.00 29.41 87.80 42.00 54.33 41.11 29.00 18.11 43.17 66.19 11.31 71.56 61.52 0.00 83.77 98.72 22.02 28.43 33.06 63.82 32.89 59.84 49.37 61.07 63.39 47.10 56.80 39.66 67.78 53.60 28.44 56.04 9.22 49.04 66.65 37.36 68.15 29.61 82.88 36.67 29.55 26.42 46.10 58.31 28.86 97.80 14.00 64.78 57.38 15.81 14.76 48.88 27.07 50.09 81.99 69.63 29.41 41.30 15.03 52.50 67.60 49.37 
86.49 17.20 42.80 92.96 26.91 26.48 62.39 25.32 36.80 35.36 87.32 28.00 32.65 22.56 34.00 38.01 72.62 66.03 60.84 69.40 81.41 49.40 39.81 38.60 86.40 59.51 82.57 72.84 69.18 85.09 66.48 31.06 31.26 35.00 77.79 103.37 46.49 84.65 71.12 54.56 21.19 77.52 85.62 81.22 98.86 68.60 67.60 30.08 94.37 46.62 74.46 83.77 0.00 30.02 103.83 57.01 102.94 44.28 88.02 29.21 38.90 39.40 76.16 75.31 63.56 55.00 60.03 66.76 102.20 53.23 80.13 44.82 66.48 67.07 60.64 55.07 36.40 65.86 54.23 70.94 87.82 27.17 55.47 26.02 71.12 44.92 58.52 93.15 75.47 35.90 61.03 40.36 10.00 21.19 94.43 52.35 97.41 55.95 26.00 48.01 
85.16 23.85 33.24 90.67 51.62 43.01 57.43 41.62 61.85 42.20 108.41 40.36 31.76 40.82 44.60 68.00 93.60 70.77 54.15 94.85 98.31 77.88 37.34 22.02 106.53 87.36 78.23 81.99 76.48 79.01 94.83 28.18 61.07 57.71 100.40 118.23 45.54 105.42 88.39 72.25 11.66 78.85 82.49 106.00 106.10 87.11 69.26 58.86 109.99 37.12 68.03 98.72 30.02 0.00 120.42 70.29 123.69 40.52 92.70 55.66 63.07 67.68 69.00 74.73 91.48 61.77 51.00 63.95 121.83 81.04 97.58 70.38 95.52 71.31 89.94 73.88 21.02 89.94 70.72 92.66 87.86 42.01 73.76 4.47 88.39 73.98 54.92 104.10 94.18 50.99 81.40 65.39 22.56 29.83 100.85 76.48 110.11 83.17 54.74 74.09 
66.27 97.62 95.00 69.00 77.88 79.06 80.11 80.45 69.89 78.49 24.74 80.43 89.83 82.38 75.82 90.80 34.37 57.70 84.10 50.36 22.47 73.11 86.68 105.76 22.09 66.12 74.97 43.38 50.09 79.76 68.07 93.35 89.05 69.35 35.23 7.62 80.21 25.18 32.76 49.40 109.34 60.64 71.45 43.32 37.66 35.34 63.69 82.97 10.82 93.48 81.04 22.02 103.83 120.42 0.00 50.21 20.00 85.80 48.09 77.83 67.07 76.30 82.71 66.22 65.49 61.61 89.00 74.09 14.21 68.03 23.71 64.76 74.33 58.18 77.52 48.76 104.89 47.01 50.22 37.22 62.13 79.40 48.37 119.33 32.76 78.31 78.71 26.02 28.79 70.00 43.66 67.05 102.90 91.05 41.11 56.29 18.03 64.01 85.07 63.95 
43.14 48.02 46.07 49.52 35.13 30.68 38.12 31.95 32.31 28.28 42.72 30.89 39.70 34.48 25.81 58.69 30.07 20.25 41.00 43.32 28.60 48.27 37.22 56.04 39.56 49.20 45.79 17.46 17.20 50.61 56.30 43.19 53.45 27.66 39.01 48.01 31.95 39.56 19.70 10.82 59.41 32.56 45.61 49.25 43.05 20.40 26.83 45.88 39.70 45.31 45.22 28.43 57.01 70.29 50.21 0.00 56.36 37.16 35.47 37.85 29.55 44.29 47.43 34.67 51.87 15.00 45.10 35.17 53.34 45.97 28.30 33.60 61.40 21.63 60.14 13.89 55.00 35.74 7.81 31.02 41.87 30.46 12.53 69.40 19.70 50.48 35.00 36.14 26.57 21.19 20.62 31.76 54.13 41.34 39.46 29.83 40.72 44.05 45.89 36.12 
82.22 100.00 102.42 85.84 76.06 80.81 91.44 82.22 66.61 83.53 15.62 83.41 95.19 83.49 79.88 82.87 30.41 69.23 95.08 39.29 28.86 64.20 93.48 112.00 17.20 55.32 90.00 55.44 61.81 95.01 55.15 98.48 82.76 68.01 25.94 27.46 88.24 18.38 36.67 51.61 112.16 75.03 87.09 29.07 56.30 36.89 75.95 77.90 25.71 101.64 94.53 33.06 102.94 123.69 20.00 56.36 0.00 93.52 64.63 74.63 64.20 69.78 96.42 80.16 53.60 70.23 99.72 86.31 5.83 58.82 28.46 59.68 61.03 70.04 65.38 49.82 110.79 38.91 53.54 32.02 78.41 81.69 50.00 121.92 36.67 69.89 89.29 43.42 30.02 72.80 42.45 63.25 103.95 93.86 58.94 51.31 36.40 54.71 80.78 57.71 
45.10 27.51 9.22 51.00 42.06 27.78 18.44 27.46 48.38 14.87 79.71 22.47 11.70 30.00 19.92 69.07 66.22 31.06 16.55 75.01 65.37 68.62 4.47 20.81 76.69 74.53 39.32 43.86 37.64 41.23 82.57 14.14 61.61 41.76 74.73 82.22 5.66 76.55 56.86 43.93 33.02 38.33 43.05 83.60 66.24 57.25 28.79 55.23 75.00 8.25 30.36 63.82 44.28 40.52 85.80 37.16 93.52 0.00 52.39 47.41 47.54 60.01 31.95 34.37 78.26 24.21 16.28 24.00 90.35 69.12 65.30 55.32 85.87 31.38 82.22 46.69 20.59 68.12 41.23 66.49 47.52 25.55 45.89 41.59 56.86 67.62 15.03 65.95 63.69 27.46 54.92 50.70 35.74 23.32 60.83 57.14 72.84 69.23 52.43 59.23 
18.25 74.97 60.83 21.21 69.86 62.07 39.05 63.03 67.78 53.46 57.94 60.03 61.40 66.07 54.04 94.15 53.01 22.36 43.28 71.59 39.40 82.68 55.36 72.90 53.49 81.69 27.51 18.36 19.24 32.02 87.73 64.85 88.87 62.94 61.06 41.44 47.17 55.54 39.82 44.78 83.93 15.56 23.54 72.72 14.87 43.93 23.71 81.27 39.12 57.80 35.51 32.89 88.02 92.70 48.09 35.47 64.63 52.39 0.00 73.08 65.00 79.62 36.72 21.26 83.55 33.06 48.17 31.89 59.30 79.63 41.15 68.48 93.51 21.59 93.41 47.17 72.92 64.38 42.49 55.61 14.04 61.01 45.79 93.30 39.82 85.48 39.66 22.09 44.94 53.34 50.33 67.12 82.61 68.59 9.22 63.25 30.27 77.01 81.04 70.49 
77.52 33.24 51.55 84.22 5.39 19.70 60.96 20.25 8.06 32.76 59.08 25.08 39.56 18.44 28.02 22.67 44.78 54.12 61.40 40.22 56.04 23.00 43.86 54.23 58.67 31.78 77.01 55.32 54.08 80.92 39.46 40.79 16.12 10.20 49.04 78.59 46.04 56.60 46.10 31.02 44.38 67.12 78.49 52.01 80.62 42.72 58.52 8.60 69.38 53.85 72.12 59.84 29.21 55.66 77.83 37.85 74.63 47.41 73.08 0.00 10.77 13.15 74.25 67.12 35.90 43.57 62.97 62.29 74.43 25.50 54.41 15.62 41.00 55.47 36.22 30.27 52.15 36.77 32.06 42.72 77.37 21.93 31.14 52.55 46.10 20.62 56.73 72.01 49.04 22.67 34.18 11.40 33.24 30.07 77.28 23.43 74.55 27.51 8.06 18.87 
71.40 39.56 53.34 78.01 12.04 22.09 58.31 23.19 3.00 32.76 48.60 27.00 42.01 22.80 27.66 29.15 34.13 47.80 59.48 31.78 45.35 21.47 44.72 58.22 48.02 27.17 72.12 46.82 46.53 76.42 35.23 44.05 24.33 6.00 38.90 67.91 44.94 46.04 35.51 21.21 51.48 60.80 73.00 43.05 71.39 32.02 53.08 17.03 58.69 54.92 68.60 49.37 38.90 63.07 67.07 29.55 64.20 47.54 65.00 10.77 0.00 15.00 70.80 61.62 31.06 38.18 61.85 58.41 63.81 21.59 43.68 8.00 38.33 49.20 34.93 20.00 56.32 27.20 22.80 32.20 70.72 24.02 21.02 60.42 35.51 21.93 54.20 62.07 38.28 20.25 23.41 3.16 41.34 34.93 68.41 13.60 64.20 22.02 18.25 12.00 
86.40 46.04 64.56 93.01 18.44 32.57 72.42 33.24 12.73 45.19 54.78 37.95 52.63 31.58 40.25 15.13 41.98 62.80 73.25 32.02 56.04 10.20 56.65 67.36 55.36 20.12 87.00 61.33 61.40 91.22 27.20 53.94 13.00 19.21 43.86 78.31 58.18 52.81 47.10 35.11 56.72 75.80 87.97 44.05 85.16 43.01 68.01 9.43 69.18 66.73 83.10 61.07 39.40 67.68 76.30 44.29 69.78 60.01 79.62 13.15 15.00 0.00 85.28 76.58 24.17 53.08 75.18 73.00 70.58 13.89 54.08 12.04 28.07 64.20 23.09 33.24 65.28 30.87 37.16 39.29 85.70 34.79 34.48 64.29 47.10 7.62 68.24 74.97 48.17 33.84 34.01 12.53 45.12 43.19 82.54 20.10 76.11 17.03 13.42 12.37 
20.52 59.46 36.22 23.71 69.31 56.22 13.89 56.40 72.62 43.01 86.05 51.61 43.66 59.41 46.86 96.88 76.12 28.28 15.52 90.76 68.03 92.09 36.40 47.01 82.01 95.29 10.82 41.05 35.01 10.05 102.86 45.88 89.87 66.07 85.16 76.84 30.02 83.10 63.39 57.94 63.79 22.14 15.81 96.10 51.31 65.92 21.21 82.73 72.57 32.14 2.24 63.39 76.16 69.00 82.71 47.43 96.42 31.95 36.72 74.25 70.80 85.28 0.00 16.49 98.39 33.54 18.00 12.53 91.79 91.07 69.00 77.39 107.42 27.17 105.15 61.10 48.01 83.17 54.78 77.67 24.76 54.20 59.81 71.11 63.39 92.62 18.03 57.58 70.26 51.66 68.01 73.82 67.68 55.04 45.79 76.03 65.79 89.94 80.72 80.78 
11.18 60.13 41.76 17.72 62.77 51.62 18.36 52.20 63.89 40.02 70.35 48.08 45.01 55.36 42.38 89.63 61.40 14.42 22.47 77.39 52.04 82.07 38.12 53.76 66.19 83.82 11.18 25.08 19.65 16.16 90.97 48.09 83.22 57.80 70.34 60.41 30.02 67.48 48.27 45.49 67.27 5.83 11.40 81.61 36.12 51.24 8.60 75.72 56.09 38.28 14.87 47.10 75.31 74.73 66.22 34.67 80.16 34.37 21.26 67.12 61.62 76.58 16.49 0.00 86.53 23.60 27.20 11.18 75.43 80.28 53.15 67.21 96.02 13.04 94.49 48.55 54.12 69.78 42.44 63.25 13.15 49.98 47.17 75.95 48.27 83.49 19.92 41.23 54.92 44.78 54.56 64.38 68.26 54.45 30.48 64.40 49.40 78.60 74.43 70.18 
94.64 69.05 84.38 100.77 40.45 53.00 87.09 54.01 31.02 63.64 41.05 58.03 73.06 53.15 58.55 32.02 33.62 72.11 88.87 15.13 50.16 14.42 75.66 89.05 43.42 4.12 97.64 65.76 68.25 102.40 4.47 75.00 34.83 37.05 30.27 69.63 75.19 40.31 44.65 41.05 80.28 84.20 97.42 24.74 84.91 40.22 78.55 33.54 61.40 85.84 96.15 56.80 63.56 91.48 65.49 51.87 53.60 78.26 83.55 35.90 31.06 24.17 98.39 86.53 0.00 64.85 91.76 85.87 56.08 10.44 47.93 23.09 10.00 73.50 12.04 38.01 87.09 20.12 44.10 30.46 92.85 55.01 39.41 88.23 44.65 19.85 83.22 72.47 42.05 50.80 33.24 28.02 68.96 65.28 83.82 22.36 70.94 9.06 37.58 19.10 
34.00 42.20 33.42 40.71 39.36 29.43 23.19 30.27 40.36 20.62 57.27 27.00 30.02 33.38 21.00 66.03 45.04 11.18 26.00 57.72 41.63 59.03 25.50 44.55 53.85 61.77 33.94 20.25 14.87 38.29 69.32 33.62 59.68 34.21 54.01 58.05 18.60 54.13 33.96 24.74 52.00 23.77 35.00 64.20 44.92 35.23 15.00 52.15 50.80 31.91 31.30 39.66 55.00 61.77 61.61 15.00 70.23 24.21 33.06 43.57 38.18 53.08 33.54 23.60 64.85 0.00 30.15 21.02 66.71 57.69 41.79 44.20 73.93 12.37 71.85 27.89 43.93 50.22 21.59 46.01 34.18 28.16 26.68 61.74 33.96 60.11 20.00 42.44 41.00 21.54 35.36 41.04 49.65 35.69 40.02 42.49 48.92 56.44 51.00 47.43 
